

===beta1.csv Random Forest===
r2 : 0.498384787049
mse : 147.341575209

===beta4.csv Random Forest===
r2 : 0.868723425553
mse : 52.5297819656

===beta7D.csv Random Forest===
r2 : 0.516270948282
mse : 191.94196897

===beta7.csv Random Forest===
r2 : 0.699114114753
mse : 121.318223252